0.042 0.02800000000000001 0.013720000000000005 0.2301733965052075 -0.00739910411579048 0.003662922829599245 0.9731146097946966
0.06720000000000001 0.028000000000000008 0.013720000000000003 0.2316321433966515 -0.01408104322122253 0.010321183512937978 0.9726467742907327
0.09239999999999998 0.028000000000000008 0.013720000000000003 0.23308780275000737 -0.020846277093271477 0.01706278907990192 0.9720824914426445
0.1176 0.028000000000000004 0.013720000000000003 0.23453949035188695 -0.027694435998633426 0.023887384149764674 0.9714183643305682
0.1428 0.028000000000000008 0.013720000000000003 0.23598628742534086 -0.03462504382036058 0.030794507519192712 0.9706509551812602
0.16799999999999998 0.028000000000000008 0.013720000000000003 0.2374272406780812 -0.04163751311599395 0.037783587219595245 0.9697767905153883
0.19320000000000007 0.02800000000000001 0.013720000000000005 0.23886136247491332 -0.04873114020932447 0.044853935606086484 0.9687923667903109
0.21839999999999996 0.02800000000000001 0.013720000000000005 0.24028763114382598 -0.055905100342886274 0.05200474450501049 0.9676941565514948
0.24360000000000004 0.02800000000000001 0.013720000000000005 0.24170499142515472 -0.06315844292044343 0.059235080449136945 0.9664786151034153
0.2688 0.028000000000000008 0.013720000000000003 0.24311235507311113 -0.07049008687085119 0.06654388003175853 0.9651421877081451
0.294 0.028000000000000014 0.013720000000000006 0.24450860161874885 -0.07789881616673475 0.07392994541298502 0.9636813173168286
0.3192000000000001 0.028000000000000008 0.013720000000000003 0.2458925793031013 -0.08538327553338719 0.08139194001349466 0.9620924528358474
0.34439999999999993 0.028000000000000008 0.013720000000000003 0.24726310618877473 -0.09294196638512305 0.08892838443284423 0.9603720579257341
0.36959999999999993 0.028000000000000008 0.013720000000000003 0.2486189714577021 -0.10057324302798745 0.09653765263111304 0.9585166203267538
0.39480000000000004 0.028000000000000008 0.013720000000000005 0.2499589369020469 -0.10827530916917462 0.10421796841412104 0.9565226617005744
0.42 0.028 0.013720000000000001 0.2512817386143924 -0.11604621477471984 0.11196740226368557 0.9543867479725973
0.44519999999999993 0.028000000000000008 0.013720000000000003 0.25258608888234924 -0.12388385331794119 0.11978386855530979 0.9521055001543375
0.4704 0.028000000000000008 0.013720000000000003 0.2538706782915632 -0.13178595946168672 0.1276651232062937 0.9496756056197644
0.4956 0.028000000000000008 0.013720000000000003 0.2551341780398058 -0.1397501072176428 0.13560876179748024 0.9470938298037658
0.5208000000000002 0.028000000000000008 0.013720000000000003 0.2563752424633764 -0.14777370862573838 0.14361221821165077 0.9443570282849434
0.5459999999999999 0.028000000000000008 0.013720000000000003 0.2575925117754493 -0.1558540129959926 0.15167276383092387 0.9414621592088283
0.5712 0.028000000000000008 0.013720000000000003 0.2587846150142629 -0.1639881067539732 0.15978750733435862 0.9384062960013853
0.5964000000000002 0.028000000000000008 0.013720000000000003 0.25995017319717934 -0.17217291392930936 0.16795339513527052 0.9351866403164573
0.6216 0.028000000000000008 0.013720000000000003 0.26108780267466153 -0.1804051973244261 0.17616721249552428 0.9318005351546053
0.6468 0.028000000000000008 0.013720000000000003 0.2621961186761258 -0.18868156039780018 0.18442558535123324 0.9282454780848013
0.672 0.028000000000000008 0.013720000000000003 0.26327373903746104 -0.1969984498925702 0.19272498288086407 0.9245191344946464
0.6972000000000002 0.028000000000000008 0.013720000000000003 0.2643192880977781 -0.20535215923726727 0.2010617208427156 0.9206193507893703
0.7224 0.028000000000000008 0.013720000000000003 0.2653314007506917 -0.21373883274075803 0.20943196570410108 0.916544167454908
0.7476 0.028000000000000008 0.013720000000000003 0.26630872663316907 -0.22215447059823443 0.21783173957934468 0.9122918318959534
0.7728000000000002 0.028000000000000008 0.013720000000000003 0.2672499344327456 -0.2305949347192662 0.22625692598791886 0.9078608109561774
0.7980000000000002 0.028000000000000014 0.013720000000000006 0.2681537162917254 -0.2390559553825898 0.23470327643774436 0.9032498030248562
0.798 0.1192605262587649 0.05455059415669761 0.26315046598116254 -0.23541944995299496 0.214928510687687 0.9105686410871501
0.798 0.1192605262587649 0.05455059415669761 0.26315046598116254 -0.23541944995299496 0.214928510687687 0.9105686410871501
0.798 0.1192605262587649 0.05455059415669761 0.26315046598116254 -0.23541944995299496 0.214928510687687 0.9105686410871501
0.7727999999999999 0.11926052625876489 0.054550594156697614 0.26216448952186694 -0.22658748531824305 0.20617332183848852 0.9151067988453461
0.7727999999999999 0.11926052625876489 0.054550594156697614 0.26216448952186694 -0.22658748531824305 0.20617332183848852 0.9151067988453461
0.7727999999999999 0.11926052625876489 0.054550594156697614 0.26216448952186694 -0.22658748531824305 0.20617332183848852 0.9151067988453461
0.7475999999999999 0.1192605262587649 0.054550594156697614 0.26114037286509395 -0.21778351047779768 0.19744909267562072 0.9194508709144937
0.7475999999999999 0.1192605262587649 0.054550594156697614 0.26114037286509395 -0.21778351047779768 0.19744909267562072 0.9194508709144937
0.7475999999999999 0.1192605262587649 0.054550594156697614 0.26114037286509395 -0.21778351047779768 0.19744909267562072 0.9194508709144937
0.7223999999999998 0.11926052625876489 0.05455059415669761 0.2600796208951198 -0.2090122045240647 0.18876038510951076 0.9236027317891337
0.7223999999999998 0.11926052625876489 0.05455059415669761 0.2600796208951198 -0.2090122045240647 0.18876038510951076 0.9236027317891337
0.7223999999999998 0.11926052625876489 0.05455059415669761 0.2600796208951198 -0.2090122045240647 0.18876038510951076 0.9236027317891337
0.6971999999999999 0.11926052625876489 0.05455059415669761 0.2589837581769412 -0.20027807923221003 0.18011159220085216 0.9275645089881771
0.6971999999999999 0.11926052625876489 0.05455059415669761 0.2589837581769412 -0.20027807923221003 0.18011159220085216 0.9275645089881771
0.6971999999999999 0.11926052625876489 0.05455059415669761 0.2589837581769412 -0.20027807923221003 0.18011159220085216 0.9275645089881771
0.6719999999999999 0.1192605262587649 0.054550594156697614 0.2578543237652247 -0.1915854722192181 0.17150693172387846 0.9313385672894572
0.6719999999999999 0.1192605262587649 0.054550594156697614 0.2578543237652247 -0.1915854722192181 0.17150693172387846 0.9313385672894572
0.6719999999999999 0.1192605262587649 0.054550594156697614 0.2578543237652247 -0.1915854722192181 0.17150693172387846 0.9313385672894572
0.6467999999999999 0.11926052625876489 0.05455059415669761 0.25669286617844067 -0.18293854116515582 0.1629504407789807 0.9349274926214319
0.6467999999999999 0.11926052625876489 0.05455059415669761 0.25669286617844067 -0.18293854116515582 0.1629504407789807 0.9349274926214319
0.6467999999999999 0.11926052625876489 0.05455059415669761 0.25669286617844067 -0.18293854116515582 0.1629504407789807 0.9349274926214319
0.6216 0.1192605262587649 0.054550594156697614 0.25550093856203 -0.1743412590778509 0.1544459714340186 0.9383340757346893
0.6216 0.1192605262587649 0.054550594156697614 0.25550093856203 -0.1743412590778509 0.1544459714340186 0.9383340757346893
0.6216 0.1192605262587649 0.054550594156697614 0.25550093856203 -0.1743412590778509 0.1544459714340186 0.9383340757346893
0.5964 0.11926052625876488 0.05455059415669759 0.2542800940613129 -0.1657974105743624 0.14599718736609293 0.941561295770061
0.5964 0.11926052625876488 0.05455059415669759 0.2542800940613129 -0.1657974105743624 0.14599718736609293 0.941561295770061
0.5964 0.11926052625876488 0.05455059415669759 0.2542800940613129 -0.1657974105743624 0.14599718736609293 0.941561295770061
0.5711999999999999 0.1192605262587649 0.054550594156697614 0.2530318814216966 -0.15731058914563648 0.13760756146880257 0.9446123038334081
0.5711999999999999 0.1192605262587649 0.054550594156697614 0.2530318814216966 -0.15731058914563648 0.13760756146880257 0.9446123038334081
0.5711999999999999 0.1192605262587649 0.054550594156697614 0.2530318814216966 -0.15731058914563648 0.13760756146880257 0.9446123038334081
0.5459999999999999 0.11926052625876486 0.05455059415669759 0.2517578408306222 -0.14888419536463893 0.12928037438415615 0.9474904066796768
0.5459999999999999 0.11926052625876486 0.05455059415669759 0.2517578408306222 -0.14888419536463893 0.12928037438415615 0.9474904066796768
0.5459999999999999 0.11926052625876486 0.05455059415669759 0.2517578408306222 -0.14888419536463893 0.12928037438415615 0.9474904066796768
0.5208 0.11926052625876489 0.05455059415669761 0.2504595000126506 -0.1405214359930466 0.1210187139133297 0.9501990506007828
0.5208 0.11926052625876489 0.05455059415669761 0.2504595000126506 -0.1405214359930466 0.1210187139133297 0.9501990506007828
0.5208 0.11926052625876489 0.05455059415669761 0.2504595000126506 -0.1405214359930466 0.1210187139133297 0.9501990506007828
0.49560000000000004 0.1192605262587649 0.05455059415669762 0.24913837058615848 -0.13222532393726052 0.1128254752563762 0.9527418056034559
0.49560000000000004 0.1192605262587649 0.05455059415669762 0.24913837058615848 -0.13222532393726052 0.1128254752563762 0.9527418056034559
0.49560000000000004 0.1192605262587649 0.05455059415669762 0.24913837058615848 -0.13222532393726052 0.1128254752563762 0.9527418056034559
0.4703999999999999 0.11926052625876489 0.0545505941566976 0.24779594468733102 -0.12399867900105477 0.10470336202775642 0.9551223499544921
0.4703999999999999 0.11926052625876489 0.0545505941566976 0.24779594468733102 -0.12399867900105477 0.10470336202775642 0.9551223499544921
0.4703999999999999 0.11926052625876489 0.0545505941566976 0.24779594468733102 -0.12399867900105477 0.10470336202775642 0.9551223499544921
0.44519999999999993 0.11926052625876486 0.05455059415669759 0.2464336918645161 -0.11584412937956257 0.09665488799215469 0.9573444551620591
0.44519999999999993 0.11926052625876486 0.05455059415669759 0.2464336918645161 -0.11584412937956257 0.09665488799215469 0.9573444551620591
0.44519999999999993 0.11926052625876486 0.05455059415669759 0.2464336918645161 -0.11584412937956257 0.09665488799215469 0.9573444551620591
0.41999999999999993 0.11926052625876488 0.05455059415669761 0.24505305624357573 -0.1077641138374904 0.08868237946342078 0.959411971452936
0.41999999999999993 0.11926052625876488 0.05455059415669761 0.24505305624357573 -0.1077641138374904 0.08868237946342078 0.959411971452936
0.41999999999999993 0.11926052625876488 0.05455059415669761 0.24505305624357573 -0.1077641138374904 0.08868237946342078 0.959411971452936
0.39479999999999993 0.11926052625876489 0.05455059415669761 0.24365545396263988 -0.09976088451338323 0.08078797830858525 0.9613288137969125
0.39479999999999993 0.11926052625876489 0.05455059415669761 0.24365545396263988 -0.09976088451338323 0.08078797830858525 0.9613288137969125
0.39479999999999993 0.11926052625876489 0.05455059415669761 0.24365545396263988 -0.09976088451338323 0.08078797830858525 0.9613288137969125
0.36959999999999993 0.1192605262587649 0.054550594156697614 0.24224227087264938 -0.09183651029138498 0.07297364549867337 0.9630989485211767
0.36959999999999993 0.1192605262587649 0.054550594156697614 0.24224227087264938 -0.09183651029138498 0.07297364549867337 0.9630989485211767
0.36959999999999993 0.1192605262587649 0.054550594156697614 0.24224227087264938 -0.09183651029138498 0.07297364549867337 0.9630989485211767
0.34439999999999993 0.1192605262587649 0.05455059415669761 0.2408148604982754 -0.08399288068218787 0.06524116514843314 0.9647263805494172
0.34439999999999993 0.1192605262587649 0.05455059415669761 0.2408148604982754 -0.08399288068218787 0.06524116514843314 0.9647263805494172
0.34439999999999993 0.1192605262587649 0.05455059415669761 0.2408148604982754 -0.08399288068218787 0.06524116514843314 0.9647263805494172
0.31919999999999993 0.1192605262587649 0.05455059415669761 0.23937454225221858 -0.07623171015567284 0.05759214898802431 0.9662151412926748
0.31919999999999993 0.1192605262587649 0.05455059415669761 0.23937454225221858 -0.07623171015567284 0.05759214898802431 0.9662151412926748
0.31919999999999993 0.1192605262587649 0.05455059415669761 0.23937454225221858 -0.07623171015567284 0.05759214898802431 0.9662151412926748
0.29399999999999993 0.11926052625876489 0.05455059415669761 0.2379225998945276 -0.06855454286904769 0.05002804121112583 0.9675692772117263
0.29399999999999993 0.11926052625876489 0.05455059415669761 0.2379225998945276 -0.06855454286904769 0.05002804121112583 0.9675692772117263
0.29399999999999993 0.11926052625876489 0.05455059415669761 0.2379225998945276 -0.06855454286904769 0.05002804121112583 0.9675692772117263
0.26879999999999993 0.11926052625876486 0.0545505941566976 0.2364602802274212 -0.060962757736019176 0.042550123645739374 0.9687928390640185
0.26879999999999993 0.11926052625876486 0.0545505941566976 0.2364602802274212 -0.060962757736019176 0.042550123645739374 0.9687928390640185
0.26879999999999993 0.11926052625876486 0.0545505941566976 0.2364602802274212 -0.060962757736019176 0.042550123645739374 0.9687928390640185
0.2436 0.1192605262587649 0.054550594156697614 0.23498879201514444 -0.05345757378462846 0.03515952119613302 0.9698898718419442
0.2436 0.1192605262587649 0.054550594156697614 0.23498879201514444 -0.05345757378462846 0.03515952119613302 0.9698898718419442
0.2436 0.1192605262587649 0.054550594156697614 0.23498879201514444 -0.05345757378462846 0.03515952119613302 0.9698898718419442
0.21839999999999998 0.11926052625876492 0.054550594156697614 0.23350930511763704 -0.04604005575376837 0.027857207506818013 0.9708644054035509
0.21839999999999998 0.11926052625876492 0.054550594156697614 0.23350930511763704 -0.04604005575376837 0.027857207506818013 0.9708644054035509
0.21839999999999998 0.11926052625876492 0.054550594156697614 0.23350930511763704 -0.04604005575376837 0.027857207506818013 0.9708644054035509
0.19319999999999998 0.11926052625876489 0.05455059415669761 0.23202294982620714 -0.03871111988102839 0.020644010802123212 0.9717204457916402
0.19319999999999998 0.11926052625876489 0.05455059415669761 0.23202294982620714 -0.03871111988102839 0.020644010802123212 0.9717204457916402
0.19319999999999998 0.11926052625876489 0.05455059415669761 0.23202294982620714 -0.03871111988102839 0.020644010802123212 0.9717204457916402
0.16799999999999995 0.1192605262587649 0.054550594156697614 0.23053081638900258 -0.03147153983732032 0.01352061985777126 0.9724619672326263
0.16799999999999995 0.1192605262587649 0.054550594156697614 0.23053081638900258 -0.03147153983732032 0.01352061985777126 0.9724619672326263
0.16799999999999995 0.1192605262587649 0.054550594156697614 0.23053081638900258 -0.03147153983732032 0.01352061985777126 0.9724619672326263
0.1428 0.1192605262587649 0.05455059415669761 0.22903395471381333 -0.02432195276667348 0.006487590063815942 0.973092904802481
0.1428 0.1192605262587649 0.05455059415669761 0.22903395471381333 -0.02432195276667348 0.006487590063815942 0.973092904802481
0.1428 0.1192605262587649 0.05455059415669761 0.22903395471381333 -0.02432195276667348 0.006487590063815942 0.973092904802481
0.11759999999999998 0.11926052625876486 0.054550594156697586 0.22753337423562567 -0.017262865392602727 -0.00045465045867654446 0.973617147743582
0.11759999999999998 0.11926052625876486 0.054550594156697586 0.22753337423562567 -0.017262865392602727 -0.00045465045867654446 0.973617147743582
0.11759999999999998 0.11926052625876486 0.054550594156697586 0.22753337423562567 -0.017262865392602727 -0.00045465045867654446 0.973617147743582
0.09239999999999998 0.11926052625876489 0.0545505941566976 0.2260300439363622 -0.010294660155505888 -0.007305794721767302 0.9740385334132794
0.09239999999999998 0.11926052625876489 0.0545505941566976 0.2260300439363622 -0.010294660155505888 -0.007305794721767302 0.9740385334132794
0.09239999999999998 0.11926052625876489 0.0545505941566976 0.2260300439363622 -0.010294660155505888 -0.007305794721767302 0.9740385334132794
0.06720000000000001 0.11926052625876489 0.054550594156697614 0.22452489250436197 -0.003417601348596541 -0.014065650747130301 0.9743608418424801
0.06720000000000001 0.11926052625876489 0.054550594156697614 0.22452489250436197 -0.003417601348596541 -0.014065650747130301 0.9743608418424801
0.06720000000000001 0.11926052625876489 0.054550594156697614 0.22452489250436197 -0.003417601348596541 -0.014065650747130301 0.9743608418424801
0.041999999999999996 0.1192605262587649 0.05455059415669761 0.22301880862137627 0.003368158777105634 -0.02073413548340973 0.9745877908804881
0.041999999999999996 0.1192605262587649 0.05455059415669761 0.22301880862137627 0.003368158777105634 -0.02073413548340973 0.9745877908804881
0.041999999999999996 0.1192605262587649 0.05455059415669761 0.22301880862137627 0.003368158777105634 -0.02073413548340973 0.9745877908804881
0.042 0.21266589801897676 0.09018052608798201 0.21468534287253893 0.01326141559653714 -0.04697481712119407 0.9754628157795184
0.042 0.21266589801897676 0.09018052608798201 0.21468534287253893 0.01326141559653714 -0.04697481712119407 0.9754628157795184
0.042 0.21266589801897676 0.09018052608798201 0.21468534287253893 0.01326141559653714 -0.04697481712119407 0.9754628157795184
0.0672 0.21266589801897676 0.090180526087982 0.21622858232654002 0.006370727371439765 -0.0403264735790885 0.9754887951926914
0.0672 0.21266589801897676 0.090180526087982 0.21622858232654002 0.006370727371439765 -0.0403264735790885 0.9754887951926914
0.0672 0.21266589801897676 0.090180526087982 0.21622858232654002 0.006370727371439765 -0.0403264735790885 0.9754887951926914
0.09239999999999998 0.21266589801897673 0.090180526087982 0.2177732384132583 -0.0006196843192490822 -0.03357862903421526 0.9754214003673126
0.09239999999999998 0.21266589801897673 0.090180526087982 0.2177732384132583 -0.0006196843192490822 -0.03357862903421526 0.9754214003673126
0.09239999999999998 0.21266589801897673 0.090180526087982 0.2177732384132583 -0.0006196843192490822 -0.03357862903421526 0.9754214003673126
0.11759999999999998 0.21266589801897676 0.09018052608798201 0.2193184350676148 -0.007709925986053805 -0.02673103940199217 0.9752565983438776
0.11759999999999998 0.21266589801897676 0.09018052608798201 0.2193184350676148 -0.007709925986053805 -0.02673103940199217 0.9752565983438776
0.11759999999999998 0.21266589801897676 0.09018052608798201 0.2193184350676148 -0.007709925986053805 -0.02673103940199217 0.9752565983438776
0.1428 0.2126658980189768 0.09018052608798202 0.22086325088972883 -0.014899987863783788 -0.019783569754340532 0.9749902692518807
0.1428 0.2126658980189768 0.09018052608798202 0.22086325088972883 -0.014899987863783788 -0.019783569754340532 0.9749902692518807
0.1428 0.2126658980189768 0.09018052608798202 0.22086325088972883 -0.014899987863783788 -0.019783569754340532 0.9749902692518807
0.16799999999999995 0.21266589801897676 0.09018052608798201 0.22240671844336607 -0.022189736518046815 -0.012736201603002381 0.9746182105590069
0.16799999999999995 0.21266589801897676 0.09018052608798201 0.22240671844336607 -0.022189736518046815 -0.012736201603002381 0.9746182105590069
0.16799999999999995 0.21266589801897676 0.09018052608798201 0.22240671844336607 -0.022189736518046815 -0.012736201603002381 0.9746182105590069
0.1932 0.21266589801897673 0.090180526087982 0.22394782367802474 -0.029578907332096154 -0.0055890403219403025 0.9741361419941236
0.1932 0.21266589801897673 0.090180526087982 0.22394782367802474 -0.029578907332096154 -0.0055890403219403025 0.9741361419941236
0.1932 0.21266589801897673 0.090180526087982 0.22394782367802474 -0.029578907332096154 -0.0055890403219403025 0.9741361419941236
0.21839999999999996 0.21266589801897678 0.09018052608798202 0.22548550548976246 -0.03706709690445545 0.0016576773192538822 0.9735397111813197
0.21839999999999996 0.21266589801897678 0.09018052608798202 0.22548550548976246 -0.03706709690445545 0.0016576773192538822 0.9735397111813197
0.21839999999999996 0.21266589801897678 0.09018052608798202 0.22548550548976246 -0.03706709690445545 0.0016576773192538822 0.9735397111813197
0.2436 0.21266589801897673 0.09018052608798201 0.22701865543643895 -0.04465375539178319 0.009003575542940793 0.9728245000207821
0.2436 0.21266589801897673 0.09018052608798201 0.22701865543643895 -0.04465375539178319 0.009003575542940793 0.9728245000207821
0.2436 0.21266589801897673 0.09018052608798201 0.22701865543643895 -0.04465375539178319 0.009003575542940793 0.9728245000207821
0.26879999999999993 0.21266589801897673 0.090180526087982 0.22854611762353283 -0.05233817883559827 0.016448131908089955 0.9719860318503127
0.26879999999999993 0.21266589801897673 0.090180526087982 0.22854611762353283 -0.05233817883559827 0.016448131908089955 0.9719860318503127
0.26879999999999993 0.21266589801897673 0.090180526087982 0.22854611762353283 -0.05233817883559827 0.016448131908089955 0.9719860318503127
0.29399999999999993 0.21266589801897678 0.09018052608798201 0.2300666887770638 -0.06011950151576495 0.023990669652313255 0.9710197794186723
0.29399999999999993 0.21266589801897678 0.09018052608798201 0.2300666887770638 -0.06011950151576495 0.023990669652313255 0.9710197794186723
0.29399999999999993 0.21266589801897678 0.09018052608798201 0.2300666887770638 -0.06011950151576495 0.023990669652313255 0.9710197794186723
0.3192 0.21266589801897673 0.09018052608798201 0.23157911852038957 -0.0679966883779754 0.031630350075880415 0.9699211736986801
0.3192 0.21266589801897673 0.09018052608798201 0.23157911852038957 -0.0679966883779754 0.031630350075880415 0.9699211736986801
0.3192 0.21266589801897673 0.09018052608798201 0.23157911852038957 -0.0679966883779754 0.031630350075880415 0.9699211736986801
0.34439999999999993 0.21266589801897673 0.090180526087982 0.2330821098717376 -0.07596852758683384 0.03936616501667241 0.968685613564023
0.34439999999999993 0.21266589801897673 0.090180526087982 0.2330821098717376 -0.07596852758683384 0.03936616501667241 0.968685613564023
0.34439999999999993 0.21266589801897673 0.090180526087982 0.2330821098717376 -0.07596852758683384 0.03936616501667241 0.968685613564023
0.36959999999999993 0.21266589801897673 0.090180526087982 0.2345743199792427 -0.0840336232604716 0.047196929469369125 0.9673084763490168
0.36959999999999993 0.21266589801897673 0.090180526087982 0.2345743199792427 -0.0840336232604716 0.047196929469369125 0.9673084763490168
0.36959999999999993 0.21266589801897673 0.090180526087982 0.2345743199792427 -0.0840336232604716 0.047196929469369125 0.9673084763490168
0.39480000000000004 0.21266589801897678 0.09018052608798201 0.23605436110997793 -0.09219038844684617 0.055121274406434384 0.9657851293050593
0.39480000000000004 0.21266589801897678 0.09018052608798201 0.23605436110997793 -0.09219038844684617 0.055121274406434384 0.9657851293050593
0.39480000000000004 0.21266589801897678 0.09018052608798201 0.23605436110997793 -0.09219038844684617 0.055121274406434384 0.9657851293050593
0.41999999999999993 0.21266589801897667 0.090180526087982 0.237520801908964 -0.10043703840592655 0.06313763986259133 0.9641109419612199
0.41999999999999993 0.21266589801897667 0.090180526087982 0.237520801908964 -0.10043703840592655 0.06313763986259133 0.9641109419612199
0.41999999999999993 0.21266589801897667 0.090180526087982 0.237520801908964 -0.10043703840592655 0.06313763986259133 0.9641109419612199
0.44519999999999993 0.21266589801897673 0.090180526087982 0.23897216894339898 -0.1087715842657611 0.07124426834838972 0.9622812993892724
0.44519999999999993 0.21266589801897673 0.090180526087982 0.23897216894339898 -0.1087715842657611 0.07124426834838972 0.9622812993892724
0.44519999999999993 0.21266589801897673 0.090180526087982 0.23897216894339898 -0.1087715842657611 0.07124426834838972 0.9622812993892724
0.47039999999999993 0.21266589801897673 0.090180526087982 0.24040694854634087 -0.11719182712387036 0.07943919866207397 0.9602916163655358
0.47039999999999993 0.21266589801897673 0.090180526087982 0.24040694854634087 -0.11719182712387036 0.07943919866207397 0.9602916163655358
0.47039999999999993 0.21266589801897673 0.090180526087982 0.24040694854634087 -0.11719182712387036 0.07943919866207397 0.9602916163655358
0.49559999999999993 0.21266589801897673 0.090180526087982 0.24182358897279815 -0.12569535266842338 0.08772026017217464 0.9581373524131088
0.49559999999999993 0.21266589801897673 0.090180526087982 0.24182358897279815 -0.12569535266842338 0.08772026017217464 0.9581373524131088
0.49559999999999993 0.21266589801897673 0.090180526087982 0.24182358897279815 -0.12569535266842338 0.08772026017217464 0.9581373524131088
0.5208 0.21266589801897673 0.090180526087982 0.24322050287959737 -0.13427952639612806 0.09608506764596947 0.9558140276985355
0.5208 0.21266589801897673 0.090180526087982 0.24322050287959737 -0.13427952639612806 0.09608506764596947 0.9558140276985355
0.5208 0.21266589801897673 0.090180526087982 0.24322050287959737 -0.13427952639612806 0.09608506764596947 0.9558140276985355
0.5459999999999999 0.21266589801897673 0.090180526087982 0.24459607013851256 -0.14294148950560312 0.1045310167010919 0.9533172397466393
0.5459999999999999 0.21266589801897673 0.090180526087982 0.24459607013851256 -0.14294148950560312 0.1045310167010919 0.9533172397466393
0.5459999999999999 0.21266589801897673 0.090180526087982 0.24459607013851256 -0.14294148950560312 0.1045310167010919 0.9533172397466393
0.5711999999999999 0.21266589801897673 0.090180526087982 0.24594864098993624 -0.15167815554609265 0.11305527995900456 0.9506426809262931
0.5711999999999999 0.21266589801897673 0.090180526087982 0.24594864098993624 -0.15167815554609265 0.11305527995900456 0.9506426809262931
0.5711999999999999 0.21266589801897673 0.090180526087982 0.24594864098993624 -0.15167815554609265 0.11305527995900456 0.9506426809262931
0.5964 0.21266589801897673 0.090180526087982 0.2472765395418478 -0.16048620790162502 0.12165480397969304 0.9477861566483379
0.5964 0.21266589801897673 0.090180526087982 0.2472765395418478 -0.16048620790162502 0.12165480397969304 0.9477861566483379
0.5964 0.21266589801897673 0.090180526087982 0.2472765395418478 -0.16048620790162502 0.12165480397969304 0.9477861566483379
0.6215999999999999 0.21266589801897673 0.090180526087982 0.2485780676159939 -0.16936209819001388 0.1303263070566766 0.9447436042048357
0.6215999999999999 0.21266589801897673 0.090180526087982 0.2485780676159939 -0.16936209819001388 0.1303263070566766 0.9447436042048357
0.6215999999999999 0.21266589801897673 0.090180526087982 0.2485780676159939 -0.16936209819001388 0.1303263070566766 0.9447436042048357
0.6467999999999999 0.21266589801897673 0.090180526087982 0.24985150894004524 -0.1783020456543445 0.13906627795017387 0.9415111121664702
0.6467999999999999 0.21266589801897673 0.090180526087982 0.24985150894004524 -0.1783020456543445 0.13906627795017387 0.9415111121664702
0.6467999999999999 0.21266589801897673 0.090180526087982 0.24985150894004524 -0.1783020456543445 0.13906627795017387 0.9415111121664702
0.6719999999999999 0.21266589801897673 0.090180526087982 0.2510951336810489 -0.18730203762169928 0.14787097563391124 0.9380849402423701
0.6719999999999999 0.21266589801897673 0.090180526087982 0.2510951336810489 -0.18730203762169928 0.14787097563391124 0.9380849402423701
0.6719999999999999 0.21266589801897673 0.090180526087982 0.2510951336810489 -0.18730203762169928 0.14787097563391124 0.9380849402423701
0.6972 0.21266589801897673 0.090180526087982 0.2523072033117849 -0.1963578310997794 0.15673643012754981 0.9344615394940808
0.6972 0.21266589801897673 0.090180526087982 0.2523072033117849 -0.1963578310997794 0.15673643012754981 0.9344615394940808
0.6972 0.21266589801897673 0.090180526087982 0.2523072033117849 -0.1963578310997794 0.15673643012754981 0.9344615394940808
0.7223999999999999 0.21266589801897673 0.090180526087982 0.2534859757976817 -0.20546495557670527 0.1656584444819516 0.9306375727830786
0.7223999999999999 0.21266589801897673 0.090180526087982 0.2534859757976817 -0.20546495557670527 0.1656584444819516 0.9306375727830786
0.7223999999999999 0.21266589801897673 0.090180526087982 0.2534859757976817 -0.20546495557670527 0.1656584444819516 0.9306375727830786
0.7475999999999999 0.21266589801897673 0.090180526087982 0.25462971108779886 -0.2146187170825934 0.1746325979784726 0.9266099353193095
0.7475999999999999 0.21266589801897673 0.090180526087982 0.25462971108779886 -0.2146187170825934 0.1746325979784726 0.9266099353193095
0.7475999999999999 0.21266589801897673 0.090180526087982 0.25462971108779886 -0.2146187170825934 0.1746325979784726 0.9266099353193095
0.7727999999999999 0.21266589801897673 0.090180526087982 0.2557366768890894 -0.2238142035634831 0.18365425059612028 0.9223757751670122
0.7727999999999999 0.21266589801897673 0.090180526087982 0.2557366768890894 -0.2238142035634831 0.18365425059612028 0.9223757751670122
0.7727999999999999 0.21266589801897673 0.090180526087982 0.2557366768890894 -0.2238142035634831 0.18365425059612028 0.9223757751670122
0.798 0.21266589801897673 0.09018052608798201 0.25680515469876153 -0.23304629160883086 0.19271854879174802 0.9179325135537577
0.798 0.21266589801897673 0.09018052608798201 0.25680515469876153 -0.23304629160883086 0.19271854879174802 0.9179325135537577
0.798 0.21266589801897673 0.09018052608798201 0.25680515469876153 -0.23304629160883086 0.19271854879174802 0.9179325135537577
0.798 0.3080357193968605 0.12013000097545118 0.24915017460661013 -0.23227449087560342 0.16788794899920637 0.925087232623397
0.798 0.3080357193968605 0.12013000097545118 0.24915017460661013 -0.23227449087560342 0.16788794899920637 0.925087232623397
0.798 0.3080357193968605 0.12013000097545118 0.24915017460661013 -0.23227449087560342 0.16788794899920637 0.925087232623397
0.7727999999999999 0.3080357193968605 0.12013000097545116 0.24800099720871827 -0.22260811121687848 0.1585185450852089 0.9294154103887043
0.7727999999999999 0.3080357193968605 0.12013000097545116 0.24800099720871827 -0.22260811121687848 0.1585185450852089 0.9294154103887043
0.7727999999999999 0.3080357193968605 0.12013000097545116 0.24800099720871827 -0.22260811121687848 0.1585185450852089 0.9294154103887043
0.7475999999999999 0.3080357193968605 0.12013000097545118 0.2468133808705029 -0.21298821530064996 0.14920555848266776 0.933518546406118
0.7475999999999999 0.3080357193968605 0.12013000097545118 0.2468133808705029 -0.21298821530064996 0.14920555848266776 0.933518546406118
0.7475999999999999 0.3080357193968605 0.12013000097545118 0.2468133808705029 -0.21298821530064996 0.14920555848266776 0.933518546406118
0.7223999999999999 0.3080357193968605 0.12013000097545118 0.24558927189319166 -0.203420411805963 0.1399540948984519 0.9374000730279571
0.7223999999999999 0.3080357193968605 0.12013000097545118 0.24558927189319166 -0.203420411805963 0.1399540948984519 0.9374000730279571
0.7223999999999999 0.3080357193968605 0.12013000097545118 0.24558927189319166 -0.203420411805963 0.1399540948984519 0.9374000730279571
0.6972 0.3080357193968605 0.12013000097545118 0.24433062199592015 -0.19391004389771002 0.13076899312515686 0.941063713288164
0.6972 0.3080357193968605 0.12013000097545118 0.24433062199592015 -0.19391004389771002 0.13076899312515686 0.941063713288164
0.6972 0.3080357193968605 0.12013000097545118 0.24433062199592015 -0.19391004389771002 0.13076899312515686 0.941063713288164
0.6719999999999999 0.3080357193968605 0.12013000097545118 0.24303938141489034 -0.1844621830501761 0.12165482064799737 0.9445134550227087
0.6719999999999999 0.3080357193968605 0.12013000097545118 0.24303938141489034 -0.1844621830501761 0.12165482064799737 0.9445134550227087
0.6719999999999999 0.3080357193968605 0.12013000097545118 0.24303938141489034 -0.1844621830501761 0.12165482064799737 0.9445134550227087
0.6467999999999999 0.3080357193968605 0.12013000097545118 0.24171749238312182 -0.17508162458124255 0.11261587086400379 0.9477535250472827
0.6467999999999999 0.3080357193968605 0.12013000097545118 0.24171749238312182 -0.17508162458124255 0.11261587086400379 0.9477535250472827
0.6467999999999999 0.3080357193968605 0.12013000097545118 0.24171749238312182 -0.17508162458124255 0.11261587086400379 0.9477535250472827
0.6215999999999999 0.3080357193968605 0.12013000097545118 0.24036688301525364 -0.165772884821785 0.10365616183173801 0.9507883635813531
0.6215999999999999 0.3080357193968605 0.12013000097545118 0.24036688301525364 -0.165772884821785 0.10365616183173801 0.9507883635813531
0.6215999999999999 0.3080357193968605 0.12013000097545118 0.24036688301525364 -0.165772884821785 0.10365616183173801 0.9507883635813531
0.5964 0.3080357193968605 0.12013000097545118 0.23898946161592252 -0.15654019983413406 0.09477943646060946 0.9536225990907673
0.5964 0.3080357193968605 0.12013000097545118 0.23898946161592252 -0.15654019983413406 0.09477943646060946 0.9536225990907673
0.5964 0.3080357193968605 0.12013000097545118 0.23898946161592252 -0.15654019983413406 0.09477943646060946 0.9536225990907673
0.5711999999999999 0.3080357193968605 0.12013000097545118 0.23758711142457695 -0.14738752558481627 0.08598916404168581 0.9562610237034254
0.5711999999999999 0.3080357193968605 0.12013000097545118 0.23758711142457695 -0.14738752558481627 0.08598916404168581 0.9562610237034254
0.5711999999999999 0.3080357193968605 0.12013000097545118 0.23758711142457695 -0.14738752558481627 0.08598916404168581 0.9562610237034254
0.5459999999999999 0.3080357193968605 0.12013000097545118 0.2361616858042548 -0.13831853947010558 0.07728854301658213 0.958708569334458
0.5459999999999999 0.3080357193968605 0.12013000097545118 0.2361616858042548 -0.13831853947010558 0.07728854301658213 0.958708569334458
0.5459999999999999 0.3080357193968605 0.12013000097545118 0.2361616858042548 -0.13831853947010558 0.07728854301658213 0.958708569334458
0.5208 0.3080357193968605 0.12013000097545118 0.23471500387690805 -0.12933664308810064 0.0686805048774783 0.9609702846391968
0.5208 0.3080357193968605 0.12013000097545118 0.23471500387690805 -0.12933664308810064 0.0686805048774783 0.9609702846391968
0.5208 0.3080357193968605 0.12013000097545118 0.23471500387690805 -0.12933664308810064 0.0686805048774783 0.9609702846391968
0.49559999999999993 0.3080357193968605 0.12013000097545118 0.2332488466033402 -0.12044496614799817 0.06016771908943308 0.9630513128942788
0.49559999999999993 0.3080357193968605 0.12013000097545118 0.2332488466033402 -0.12044496614799817 0.06016771908943308 0.9630513128942788
0.49559999999999993 0.3080357193968605 0.12013000097545118 0.2332488466033402 -0.12044496614799817 0.06016771908943308 0.9630513128942788
0.47039999999999993 0.3080357193968605 0.12013000097545118 0.23176495330175648 -0.11164637140580884 0.05175259892579213 0.9649568708897702
0.47039999999999993 0.3080357193968605 0.12013000097545118 0.23176495330175648 -0.11164637140580884 0.05175259892579213 0.9649568708897702
0.47039999999999993 0.3080357193968605 0.12013000097545118 0.23176495330175648 -0.11164637140580884 0.05175259892579213 0.9649568708897702
0.44519999999999993 0.3080357193968605 0.12013000097545118 0.23026501859533016 -0.1029434605158155 0.04343730810847048 0.9666922288984281
0.44519999999999993 0.3080357193968605 0.12013000097545118 0.23026501859533016 -0.1029434605158155 0.04343730810847048 0.9666922288984281
0.44519999999999993 0.3080357193968605 0.12013000097545118 0.23026501859533016 -0.1029434605158155 0.04343730810847048 0.9666922288984281
0.41999999999999993 0.30803571939686053 0.12013000097545119 0.22875068977606142 -0.09433858068844893 0.035223768147072 0.9682626917723239
0.41999999999999993 0.30803571939686053 0.12013000097545119 0.22875068977606142 -0.09433858068844893 0.035223768147072 0.9682626917723239
0.41999999999999993 0.30803571939686053 0.12013000097545119 0.22875068977606142 -0.09433858068844893 0.035223768147072 0.9682626917723239
0.39480000000000004 0.30803571939686075 0.12013000097545126 0.22722356456955023 -0.08583383204777731 0.027113666274016558 0.9696735812021913
0.39480000000000004 0.30803571939686075 0.12013000097545126 0.22722356456955023 -0.08583383204777731 0.027113666274016558 0.9696735812021913
0.39480000000000004 0.30803571939686075 0.12013000097545126 0.22722356456955023 -0.08583383204777731 0.027113666274016558 0.9696735812021913
0.36959999999999993 0.3080357193968605 0.12013000097545118 0.22568518928309475 -0.07743107558531395 0.019108463876925257 0.9709302191610988
0.36959999999999993 0.3080357193968605 0.12013000097545118 0.22568518928309475 -0.07743107558531395 0.019108463876925257 0.9709302191610988
0.36959999999999993 0.3080357193968605 0.12013000097545118 0.22568518928309475 -0.07743107558531395 0.019108463876925257 0.9709302191610988
0.34439999999999993 0.30803571939686053 0.1201300009754512 0.22413705731776334 -0.06913194161117875 0.011209405334297878 0.9720379125415087
0.34439999999999993 0.30803571939686053 0.1201300009754512 0.22413705731776334 -0.06913194161117875 0.011209405334297878 0.9720379125415087
0.34439999999999993 0.30803571939686053 0.1201300009754512 0.22413705731776334 -0.06913194161117875 0.011209405334297878 0.9720379125415087
0.3192 0.3080357193968605 0.12013000097545118 0.22258060802372245 -0.06093783860864019 0.003417527165867861 0.9730019389834574
0.3192 0.3080357193968605 0.12013000097545118 0.22258060802372245 -0.06093783860864019 0.003417527165867861 0.9730019389834574
0.3192 0.3080357193968605 0.12013000097545118 0.22258060802372245 -0.06093783860864019 0.003417527165867861 0.9730019389834574
0.29399999999999993 0.30803571939686064 0.12013000097545122 0.22101722587712155 -0.052849962403577214 -0.004266332585223684 0.9738275338815361
0.29399999999999993 0.30803571939686064 0.12013000097545122 0.22101722587712155 -0.052849962403577214 -0.004266332585223684 0.9738275338815361
0.29399999999999993 0.30803571939686064 0.12013000097545122 0.22101722587712155 -0.052849962403577214 -0.004266332585223684 0.9738275338815361
0.26879999999999993 0.3080357193968605 0.12013000097545118 0.21944823995621088 -0.04486930556628386 -0.01184152481523871 0.9745198785495198
0.26879999999999993 0.3080357193968605 0.12013000097545118 0.21944823995621088 -0.04486930556628386 -0.01184152481523871 0.9745198785495198
0.26879999999999993 0.3080357193968605 0.12013000097545118 0.21944823995621088 -0.04486930556628386 -0.01184152481523871 0.9745198785495198
0.2436 0.30803571939686053 0.12013000097545118 0.2178749236940402 -0.03699666696917797 -0.019307579738225073 0.9750840895138941
0.2436 0.30803571939686053 0.12013000097545118 0.2178749236940402 -0.03699666696917797 -0.019307579738225073 0.9750840895138941
0.2436 0.30803571939686053 0.12013000097545118 0.2178749236940402 -0.03699666696917797 -0.019307579738225073 0.9750840895138941
0.21839999999999996 0.3080357193968607 0.12013000097545125 0.21629849488506137 -0.029232661430249267 -0.026664197244274785 0.9755252089010717
0.21839999999999996 0.3080357193968607 0.12013000097545125 0.21629849488506137 -0.029232661430249267 -0.026664197244274785 0.9755252089010717
0.21839999999999996 0.3080357193968607 0.12013000097545125 0.21629849488506137 -0.029232661430249267 -0.026664197244274785 0.9755252089010717
0.1932 0.30803571939686053 0.12013000097545119 0.21472011592315832 -0.021577729378391357 -0.03391123729570412 0.975848195877767
0.1932 0.30803571939686053 0.12013000097545119 0.21472011592315832 -0.021577729378391357 -0.03391123729570412 0.975848195877767
0.1932 0.30803571939686053 0.12013000097545119 0.21472011592315832 -0.021577729378391357 -0.03391123729570412 0.975848195877767
0.16799999999999995 0.3080357193968605 0.12013000097545119 0.2131408942490535 -0.014032146483021125 -0.041048710413056286 0.9760579190996904
0.16799999999999995 0.3080357193968605 0.12013000097545119 0.2131408942490535 -0.014032146483021125 -0.041048710413056286 0.9760579190996904
0.16799999999999995 0.3080357193968605 0.12013000097545119 0.2131408942490535 -0.014032146483021125 -0.041048710413056286 0.9760579190996904
0.1428 0.3080357193968607 0.12013000097545126 0.2115618829856458 -0.006596033196522122 -0.04807676829684399 0.976159150120394
0.1428 0.3080357193968607 0.12013000097545126 0.2115618829856458 -0.006596033196522122 -0.04807676829684399 0.976159150120394
0.1428 0.3080357193968607 0.12013000097545126 0.2115618829856458 -0.006596033196522122 -0.04807676829684399 0.976159150120394
0.11759999999999998 0.3080357193968605 0.12013000097545118 0.2099840817405768 0.0007306358360084071 -0.05499569462520551 0.9761565577096397
0.11759999999999998 0.3080357193968605 0.12013000097545118 0.2099840817405768 0.0007306358360084071 -0.05499569462520551 0.9761565577096397
0.11759999999999998 0.3080357193968605 0.12013000097545118 0.2099840817405768 0.0007306358360084071 -0.05499569462520551 0.9761565577096397
0.09239999999999998 0.3080357193968605 0.12013000097545118 0.20840843755620325 0.0079480225395228 -0.061805896062164724 0.9760547030290087
0.09239999999999998 0.3080357193968605 0.12013000097545118 0.20840843755620325 0.0079480225395228 -0.061805896062164724 0.9760547030290087
0.09239999999999998 0.3080357193968605 0.12013000097545118 0.20840843755620325 0.0079480225395228 -0.061805896062164724 0.9760547030290087
0.0672 0.3080357193968606 0.1201300009754512 0.2068358459881127 0.015056416378683974 -0.0685078935060065 0.9758580356115243
0.0672 0.3080357193968606 0.1201300009754512 0.2068358459881127 0.015056416378683974 -0.0685078935060065 0.9758580356115243
0.0672 0.3080357193968606 0.1201300009754512 0.2068358459881127 0.015056416378683974 -0.0685078935060065 0.9758580356115243
0.042 0.30803571939686075 0.12013000097545125 0.2052671522943569 0.022056225563693785 -0.07510231360243262 0.9755708900917506
0.042 0.30803571939686075 0.12013000097545125 0.2052671522943569 0.022056225563693785 -0.07510231360243262 0.9755708900917506
0.042 0.30803571939686075 0.12013000097545125 0.2052671522943569 0.022056225563693785 -0.07510231360243262 0.9755708900917506
0.041999999999999996 0.40511136870673975 0.14394310540499564 0.19499649192180596 0.029520006195720372 -0.10514737422776389 0.974704553731745
0.041999999999999996 0.40511136870673975 0.14394310540499564 0.19499649192180596 0.029520006195720372 -0.10514737422776389 0.974704553731745
0.041999999999999996 0.40511136870673975 0.14394310540499564 0.19499649192180596 0.029520006195720372 -0.10514737422776389 0.974704553731745
0.06720000000000001 0.4051113687067397 0.14394310540499555 0.19657853074963416 0.02240305477552852 -0.09864400016731814 0.9752560410559014
0.06720000000000001 0.4051113687067397 0.14394310540499555 0.19657853074963416 0.02240305477552852 -0.09864400016731814 0.9752560410559014
0.06720000000000001 0.4051113687067397 0.14394310540499555 0.19657853074963416 0.02240305477552852 -0.09864400016731814 0.9752560410559014
0.09240000000000001 0.4051113687067397 0.14394310540499558 0.1981670081770736 0.015168188613401728 -0.09202520850905334 0.9757208227373244
0.09240000000000001 0.4051113687067397 0.14394310540499558 0.1981670081770736 0.015168188613401728 -0.09202520850905334 0.9757208227373244
0.09240000000000001 0.4051113687067397 0.14394310540499558 0.1981670081770736 0.015168188613401728 -0.09202520850905334 0.9757208227373244
0.1176 0.4051113687067397 0.14394310540499555 0.19976112756158185 0.007814653699989222 -0.08528993627406674 0.9760942832909332
0.1176 0.4051113687067397 0.14394310540499555 0.19976112756158185 0.007814653699989222 -0.08528993627406674 0.9760942832909332
0.1176 0.4051113687067397 0.14394310540499555 0.19976112756158185 0.007814653699989222 -0.08528993627406674 0.9760942832909332
0.14279999999999998 0.4051113687067398 0.1439431054049956 0.2013600375923924 0.0003418151824327052 -0.07843721843744396 0.9763716614010097
0.14279999999999998 0.4051113687067398 0.1439431054049956 0.2013600375923924 0.0003418151824327052 -0.07843721843744396 0.9763716614010097
0.14279999999999998 0.4051113687067398 0.1439431054049956 0.2013600375923924 0.0003418151824327052 -0.07843721843744396 0.9763716614010097
0.16799999999999998 0.40511136870673975 0.14394310540499558 0.20296283055271166 -0.007250832344454263 -0.0714661975454497 0.9765480517889218
0.16799999999999998 0.40511136870673975 0.14394310540499558 0.20296283055271166 -0.007250832344454263 -0.0714661975454497 0.9765480517889218
0.16799999999999998 0.40511136870673975 0.14394310540499558 0.20296283055271166 -0.007250832344454263 -0.0714661975454497 0.9765480517889218
0.1932 0.4051113687067396 0.14394310540499558 0.2045685406692742 -0.014963654163198607 -0.06437613375040725 0.976618407888095
0.1932 0.4051113687067396 0.14394310540499558 0.2045685406692742 -0.014963654163198607 -0.06437613375040725 0.976618407888095
0.1932 0.4051113687067396 0.14394310540499558 0.2045685406692742 -0.014963654163198607 -0.06437613375040725 0.976618407888095
0.21839999999999996 0.4051113687067397 0.14394310540499558 0.2061761425693571 -0.02279686439998066 -0.05716641524595516 0.9765775453985598
0.21839999999999996 0.4051113687067397 0.14394310540499558 0.2061761425693571 -0.02279686439998066 -0.05716641524595516 0.9765775453985598
0.21839999999999996 0.4051113687067397 0.14394310540499558 0.2061761425693571 -0.02279686439998066 -0.05716641524595516 0.9765775453985598
0.2436 0.40511136870673975 0.14394310540499555 0.20778454986694367 -0.030750514663605635 -0.04983656907973305 0.9764201467948498
0.2436 0.40511136870673975 0.14394310540499555 0.20778454986694367 -0.030750514663605635 -0.04983656907973305 0.9764201467948498
0.2436 0.40511136870673975 0.14394310540499555 0.20778454986694367 -0.030750514663605635 -0.04983656907973305 0.9764201467948498
0.2688 0.4051113687067397 0.14394310540499555 0.20939261390129266 -0.0388244823952781 -0.042386272314375036 0.9761407668618366
0.2688 0.4051113687067397 0.14394310540499555 0.20939261390129266 -0.0388244823952781 -0.042386272314375036 0.9761407668618366
0.2688 0.4051113687067397 0.14394310540499555 0.20939261390129266 -0.0388244823952781 -0.042386272314375036 0.9761407668618366
0.29399999999999993 0.40511136870673975 0.1439431054049956 0.21099912265268236 -0.04701845897462273 -0.03481536350097142 0.9757338393331171
0.29399999999999993 0.40511136870673975 0.1439431054049956 0.21099912265268236 -0.04701845897462273 -0.03481536350097142 0.9757338393331171
0.29399999999999993 0.40511136870673975 0.1439431054049956 0.21099912265268236 -0.04701845897462273 -0.03481536350097142 0.9757338393331171
0.31920000000000004 0.40511136870673975 0.14394310540499558 0.2126027998615247 -0.055331937635180746 -0.027123854421929484 0.9751936847056973
0.31920000000000004 0.40511136870673975 0.14394310540499558 0.2126027998615247 -0.055331937635180746 -0.027123854421929484 0.9751936847056973
0.31920000000000004 0.40511136870673975 0.14394310540499558 0.2126027998615247 -0.055331937635180746 -0.027123854421929484 0.9751936847056973
0.34439999999999993 0.4051113687067397 0.14394310540499558 0.21420230437835122 -0.06376420125084323 -0.019311942052439537 0.9745145193028215
0.34439999999999993 0.4051113687067397 0.14394310540499558 0.21420230437835122 -0.06376420125084323 -0.019311942052439537 0.9745145193028215
0.34439999999999993 0.4051113687067397 0.14394310540499558 0.21420230437835122 -0.06376420125084323 -0.019311942052439537 0.9745145193028215
0.3696 0.4051113687067397 0.14394310540499555 0.21579622977332097 -0.07231431006330094 -0.01138002068157607 0.9736904656537291
0.3696 0.4051113687067397 0.14394310540499555 0.21579622977332097 -0.07231431006330094 -0.01138002068157607 0.9736904656537291
0.3696 0.4051113687067397 0.14394310540499555 0.21579622977332097 -0.07231431006330094 -0.01138002068157607 0.9736904656537291
0.39480000000000004 0.40511136870673997 0.14394310540499564 0.21738310423483564 -0.08098108942951514 -0.0033286941255065636 0.972715564254759
0.39480000000000004 0.40511136870673997 0.14394310540499564 0.21738310423483564 -0.08098108942951514 -0.0033286941255065636 0.972715564254759
0.39480000000000004 0.40511136870673997 0.14394310540499564 0.21738310423483564 -0.08098108942951514 -0.0033286941255065636 0.972715564254759
0.41999999999999993 0.40511136870673964 0.14394310540499552 0.2189613907875483 -0.08976311767735932 0.004841212043598504 0.9715837867704319
0.41999999999999993 0.40511136870673964 0.14394310540499552 0.2189613907875483 -0.08976311767735932 0.004841212043598504 0.9715837867704319
0.41999999999999993 0.40511136870673964 0.14394310540499552 0.2189613907875483 -0.08976311767735932 0.004841212043598504 0.9715837867704319
0.44520000000000004 0.4051113687067397 0.14394310540499555 0.22052948786043133 -0.09865871416681816 0.013128638338444605 0.9702890507257846
0.44520000000000004 0.4051113687067397 0.14394310540499555 0.22052948786043133 -0.09865871416681816 0.013128638338444605 0.9702890507257846
0.44520000000000004 0.4051113687067397 0.14394310540499555 0.22052948786043133 -0.09865871416681816 0.013128638338444605 0.9702890507257846
0.47040000000000004 0.4051113687067397 0.14394310540499555 0.2220857302356134 -0.1076659276633322 0.021532279361961747 0.9688252357322175
0.47040000000000004 0.4051113687067397 0.14394310540499555 0.2220857302356134 -0.1076659276633322 0.021532279361961747 0.9688252357322175
0.47040000000000004 0.4051113687067397 0.14394310540499555 0.2220857302356134 -0.1076659276633322 0.021532279361961747 0.9688252357322175
0.49560000000000004 0.4051113687067397 0.14394310540499555 0.22362839040832308 -0.11678252513887608 0.03005057208094272 0.9671862012783157
0.49560000000000004 0.4051113687067397 0.14394310540499555 0.22362839040832308 -0.11678252513887608 0.03005057208094272 0.9671862012783157
0.49560000000000004 0.4051113687067397 0.14394310540499555 0.22362839040832308 -0.11678252513887608 0.03005057208094272 0.9671862012783157
0.5208000000000002 0.4051113687067397 0.14394310540499555 0.22515568038744563 -0.12600598112497616 0.03868168448073321 0.9653658061044692
0.5208000000000002 0.4051113687067397 0.14394310540499555 0.22515568038744563 -0.12600598112497616 0.03868168448073321 0.9653658061044692
0.5208000000000002 0.4051113687067397 0.14394310540499555 0.22515568038744563 -0.12600598112497616 0.03868168448073321 0.9653658061044692
0.546 0.4051113687067397 0.14394310540499555 0.22666575396485886 -0.1353334677499054 0.04742350472228829 0.9633579291655736
0.546 0.4051113687067397 0.14394310540499555 0.22666575396485886 -0.1353334677499054 0.04742350472228829 0.9633579291655736
0.546 0.4051113687067397 0.14394310540499555 0.22666575396485886 -0.1353334677499054 0.04742350472228829 0.9633579291655736
0.5712 0.4051113687067397 0.14394310540499555 0.2281567094798056 -0.1447618455995166 0.056273630930872544 0.9611564921696286
0.5712 0.4051113687067397 0.14394310540499555 0.2281567094798056 -0.1447618455995166 0.056273630930872544 0.9611564921696286
0.5712 0.4051113687067397 0.14394310540499555 0.2281567094798056 -0.1447618455995166 0.056273630930872544 0.9611564921696286
0.5964 0.4051113687067397 0.14394310540499555 0.22962659310204692 -0.15428765554734478 0.06522936175282551 0.9587554836616945
0.5964 0.4051113687067397 0.14394310540499555 0.22962659310204692 -0.15428765554734478 0.06522936175282551 0.9587554836616945
0.5964 0.4051113687067397 0.14394310540499555 0.22962659310204692 -0.15428765554734478 0.06522936175282551 0.9587554836616945
0.6216 0.4051113687067397 0.14394310540499555 0.23107340265437915 -0.1639071117044788 0.07428768782290963 0.9561489846024775
0.6216 0.4051113687067397 0.14394310540499555 0.23107340265437915 -0.1639071117044788 0.07428768782290963 0.9561489846024775
0.6216 0.4051113687067397 0.14394310540499555 0.23107340265437915 -0.1639071117044788 0.07428768782290963 0.9561489846024775
0.6468 0.4051113687067397 0.14394310540499555 0.2324950919912564 -0.17361609564299316 0.0834452842895388 0.9533311953689014
0.6468 0.4051113687067397 0.14394310540499555 0.2324950919912564 -0.17361609564299316 0.0834452842895388 0.9533311953689014
0.6468 0.4051113687067397 0.14394310540499555 0.2324950919912564 -0.17361609564299316 0.0834452842895388 0.9533311953689014
0.672 0.4051113687067397 0.14394310540499555 0.23388957594572657 -0.18341015204818978 0.09269850454840216 0.950296464080593
0.672 0.4051113687067397 0.14394310540499555 0.23388957594572657 -0.18341015204818978 0.09269850454840216 0.950296464080593
0.672 0.4051113687067397 0.14394310540499555 0.23388957594572657 -0.18341015204818978 0.09269850454840216 0.950296464080593
0.6972 0.4051113687067397 0.14394310540499555 0.23525473585164883 -0.19328448595424788 0.10204337533637926 0.9470393161314539
0.6972 0.4051113687067397 0.14394310540499555 0.23525473585164883 -0.19328448595424788 0.10204337533637926 0.9470393161314539
0.6972 0.4051113687067397 0.14394310540499555 0.23525473585164883 -0.19328448595424788 0.10204337533637926 0.9470393161314539
0.7224 0.4051113687067397 0.14394310540499555 0.2365884256422282 -0.20323396171487118 0.11147559333693385 0.9435544847797549
0.7224 0.4051113687067397 0.14394310540499555 0.2365884256422282 -0.20323396171487118 0.11147559333693385 0.9435544847797549
0.7224 0.4051113687067397 0.14394310540499555 0.2365884256422282 -0.20323396171487118 0.11147559333693385 0.9435544847797549
0.7475999999999999 0.4051113687067397 0.14394310540499555 0.23788847851930858 -0.21325310385491955 0.12099052344512942 0.9398369426238175
0.7475999999999999 0.4051113687067397 0.14394310540499555 0.23788847851930858 -0.21325310385491955 0.12099052344512942 0.9398369426238175
0.7475999999999999 0.4051113687067397 0.14394310540499555 0.23788847851930858 -0.21325310385491955 0.12099052344512942 0.9398369426238175
0.7728 0.40511136870673964 0.14394310540499555 0.2391527141806481 -0.22333609994060846 0.1305831988348045 0.9358819337637722
0.7728 0.40511136870673964 0.14394310540499555 0.2391527141806481 -0.22333609994060846 0.1305831988348045 0.9358819337637722
0.7728 0.40511136870673964 0.14394310540499555 0.2391527141806481 -0.22333609994060846 0.1305831988348045 0.9358819337637722
0.798 0.4051113687067397 0.14394310540499558 0.2403789465846365 -0.2334768055944926 0.1402483229620915 0.9316850064236156
0.798 0.4051113687067397 0.14394310540499558 0.2403789465846365 -0.2334768055944926 0.1402483229620915 0.9316850064236156
0.798 0.4051113687067397 0.14394310540499558 0.2403789465846365 -0.2334768055944926 0.1402483229620915 0.9316850064236156
0.798 0.503553141144716 0.16121736844496146 0.23089204744811745 -0.2370458631086969 0.10960947478505893 0.9372747111949692
0.798 0.503553141144716 0.16121736844496146 0.23089204744811745 -0.2370458631086969 0.10960947478505893 0.9372747111949692
0.798 0.503553141144716 0.16121736844496146 0.23089204744811745 -0.2370458631086969 0.10960947478505893 0.9372747111949692
0.7727999999999999 0.503553141144716 0.16121736844496143 0.22959335086453228 -0.2263844779029498 0.09966487997538452 0.9413309052096913
0.7727999999999999 0.503553141144716 0.16121736844496143 0.22959335086453228 -0.2263844779029498 0.09966487997538452 0.9413309052096913
0.7727999999999999 0.503553141144716 0.16121736844496143 0.22959335086453228 -0.2263844779029498 0.09966487997538452 0.9413309052096913
0.7475999999999999 0.503553141144716 0.16121736844496143 0.22825740942568726 -0.21579341025955667 0.08981115930370348 0.9451273537441129
0.7475999999999999 0.503553141144716 0.16121736844496143 0.22825740942568726 -0.21579341025955667 0.08981115930370348 0.9451273537441129
0.7475999999999999 0.503553141144716 0.16121736844496143 0.22825740942568726 -0.21579341025955667 0.08981115930370348 0.9451273537441129
0.7223999999999999 0.503553141144716 0.16121736844496146 0.22688666011603156 -0.20527940470810108 0.08005371225328907 0.9486697068097767
0.7223999999999999 0.503553141144716 0.16121736844496146 0.22688666011603156 -0.20527940470810108 0.08005371225328907 0.9486697068097767
0.7223999999999999 0.503553141144716 0.16121736844496146 0.22688666011603156 -0.20527940470810108 0.08005371225328907 0.9486697068097767
0.6972 0.503553141144716 0.16121736844496146 0.2254835200093356 -0.19484879252673282 0.07039753604529299 0.951963926403635
0.6972 0.503553141144716 0.16121736844496146 0.2254835200093356 -0.19484879252673282 0.07039753604529299 0.951963926403635
0.6972 0.503553141144716 0.16121736844496146 0.2254835200093356 -0.19484879252673282 0.07039753604529299 0.951963926403635
0.6719999999999999 0.503553141144716 0.16121736844496146 0.224050377674239 -0.1845074887092824 0.060847227349402386 0.9550162458294177
0.6719999999999999 0.503553141144716 0.16121736844496146 0.224050377674239 -0.1845074887092824 0.060847227349402386 0.9550162458294177
0.6719999999999999 0.503553141144716 0.16121736844496146 0.224050377674239 -0.1845074887092824 0.060847227349402386 0.9550162458294177
0.6467999999999999 0.503553141144716 0.16121736844496146 0.22258958531335013 -0.17426099160174713 0.05140698625899674 0.9578331300804822
0.6467999999999999 0.503553141144716 0.16121736844496146 0.22258958531335013 -0.17426099160174713 0.05140698625899674 0.9578331300804822
0.6467999999999999 0.503553141144716 0.16121736844496146 0.22258958531335013 -0.17426099160174713 0.05140698625899674 0.9578331300804822
0.6215999999999999 0.503553141144716 0.16121736844496146 0.2211034516479198 -0.1641143850084483 0.042080622324471885 0.9604212375449952
0.6215999999999999 0.503553141144716 0.16121736844496146 0.2211034516479198 -0.1641143850084483 0.042080622324471885 0.9604212375449952
0.6215999999999999 0.503553141144716 0.16121736844496146 0.2211034516479198 -0.1641143850084483 0.042080622324471885 0.9604212375449952
0.5964 0.5035531411447162 0.16121736844496146 0.21959423555028013 -0.15407234255735625 0.03287156243301646 0.9627873832550929
0.5964 0.5035531411447162 0.16121736844496146 0.21959423555028013 -0.15407234255735625 0.03287156243301646 0.9627873832550929
0.5964 0.5035531411447162 0.16121736844496146 0.21959423555028013 -0.15407234255735625 0.03287156243301646 0.9627873832550929
0.5711999999999999 0.503553141144716 0.16121736844496146 0.21806414041737962 -0.14413913410750837 0.023782860321448798 0.9649385038631725
0.5711999999999999 0.503553141144716 0.16121736844496146 0.21806414041737962 -0.14413913410750837 0.023782860321448798 0.9649385038631725
0.5711999999999999 0.503553141144716 0.16121736844496146 0.21806414041737962 -0.14413913410750837 0.023782860321448798 0.9649385038631725
0.5459999999999999 0.503553141144716 0.16121736844496146 0.21651530927091378 -0.13431863397875876 0.01481720751035364 0.9668816244913315
0.5459999999999999 0.503553141144716 0.16121736844496146 0.21651530927091378 -0.13431863397875876 0.01481720751035364 0.9668816244913315
0.5459999999999999 0.503553141144716 0.16121736844496146 0.21651530927091378 -0.13431863397875876 0.01481720751035364 0.9668816244913315
0.5208 0.503553141144716 0.16121736844496148 0.21494982056277478 -0.12461433078487667 0.005976945452281917 0.9686238275647202
0.5208 0.503553141144716 0.16121736844496148 0.21494982056277478 -0.12461433078487667 0.005976945452281917 0.9686238275647202
0.5208 0.503553141144716 0.16121736844496148 0.21494982056277478 -0.12461433078487667 0.005976945452281917 0.9686238275647202
0.49559999999999993 0.503553141144716 0.16121736844496146 0.213369684658816 -0.11502933865484577 -0.002735921306231878 0.9701722237066118
0.49559999999999993 0.503553141144716 0.16121736844496146 0.213369684658816 -0.11502933865484577 -0.002735921306231878 0.9701722237066118
0.49559999999999993 0.503553141144716 0.16121736844496146 0.213369684658816 -0.11502933865484577 -0.002735921306231878 0.9701722237066118
0.47039999999999993 0.503553141144716 0.16121736844496146 0.211776840969224 -0.1055664096336441 -0.011319711140055033 0.9715339247426533
0.47039999999999993 0.503553141144716 0.16121736844496146 0.211776840969224 -0.1055664096336441 -0.011319711140055033 0.9715339247426533
0.47039999999999993 0.503553141144716 0.16121736844496146 0.211776840969224 -0.1055664096336441 -0.011319711140055033 0.9715339247426533
0.44519999999999993 0.503553141144716 0.16121736844496146 0.21017315569007267 -0.09622794706238834 -0.019773050718806078 0.972716018834226
0.44519999999999993 0.503553141144716 0.16121736844496146 0.21017315569007267 -0.09622794706238834 -0.019773050718806078 0.972716018834226
0.44519999999999993 0.503553141144716 0.16121736844496146 0.21017315569007267 -0.09622794706238834 -0.019773050718806078 0.972716018834226
0.41999999999999993 0.5035531411447159 0.16121736844496143 0.20856042011783057 -0.08701601974807391 -0.02809485990683999 0.9737255477362663
0.41999999999999993 0.5035531411447159 0.16121736844496143 0.20856042011783057 -0.08701601974807391 -0.02809485990683999 0.9737255477362663
0.41999999999999993 0.5035531411447159 0.16121736844496143 0.20856042011783057 -0.08701601974807391 -0.02809485990683999 0.9737255477362663
0.39480000000000004 0.5035531411447164 0.16121736844496154 0.2069403494966446 -0.07793237674483101 -0.03628433634577308 0.9745694861532732
0.39480000000000004 0.5035531411447164 0.16121736844496154 0.2069403494966446 -0.07793237674483101 -0.03628433634577308 0.9745694861532732
0.39480000000000004 0.5035531411447164 0.16121736844496154 0.2069403494966446 -0.07793237674483101 -0.03628433634577308 0.9745694861532732
0.36959999999999993 0.503553141144716 0.16121736844496146 0.20531458235704142 -0.06897846258127953 -0.04434093986213621 0.9752547231485829
0.36959999999999993 0.503553141144716 0.16121736844496146 0.20531458235704142 -0.06897846258127953 -0.04434093986213621 0.9752547231485829
0.36959999999999993 0.503553141144716 0.16121736844496146 0.20531458235704142 -0.06897846258127953 -0.04434093986213621 0.9752547231485829
0.34439999999999993 0.503553141144716 0.16121736844496143 0.2036846803042027 -0.0601554327818658 -0.052264376829182176 0.9757880455461925
0.34439999999999993 0.503553141144716 0.16121736844496143 0.2036846803042027 -0.0601554327818658 -0.052264376829182176 0.9757880455461925
0.34439999999999993 0.503553141144716 0.16121736844496143 0.2036846803042027 -0.0601554327818658 -0.052264376829182176 0.9757880455461925
0.3192 0.503553141144716 0.16121736844496148 0.2020521282140776 -0.05146416954369061 -0.060054584598296594 0.976176123251366
0.3192 0.503553141144716 0.16121736844496148 0.2020521282140776 -0.05146416954369061 -0.060054584598296594 0.976176123251366
0.3192 0.503553141144716 0.16121736844496148 0.2020521282140776 -0.05146416954369061 -0.060054584598296594 0.976176123251366
0.29399999999999993 0.503553141144716 0.16121736844496146 0.20041833479623355 -0.04290529744404179 -0.06771171610212114 0.9764254964057671
0.29399999999999993 0.503553141144716 0.16121736844496146 0.20041833479623355 -0.04290529744404179 -0.06771171610212114 0.9764254964057671
0.29399999999999993 0.503553141144716 0.16121736844496146 0.20041833479623355 -0.04290529744404179 -0.06771171610212114 0.9764254964057671
0.26879999999999993 0.503553141144716 0.16121736844496146 0.19878463348341316 -0.034479199067386494 -0.07523612471853378 0.9765425642847698
0.26879999999999993 0.503553141144716 0.16121736844496146 0.19878463348341316 -0.034479199067386494 -0.07523612471853378 0.9765425642847698
0.26879999999999993 0.503553141144716 0.16121736844496146 0.19878463348341316 -0.034479199067386494 -0.07523612471853378 0.9765425642847698
0.2436 0.5035531411447162 0.16121736844496148 0.19715228360919818 -0.0261860304537811 -0.08262834947222888 0.9765335758386636
0.2436 0.5035531411447162 0.16121736844496148 0.19715228360919818 -0.0261860304537811 -0.08262834947222888 0.9765335758386636
0.2436 0.5035531411447162 0.16121736844496148 0.19715228360919818 -0.0261860304537811 -0.08262834947222888 0.9765335758386636
0.21839999999999996 0.503553141144716 0.16121736844496148 0.19552247183689594 -0.0180257362833603 -0.08988910063887333 0.9764046217755052
0.21839999999999996 0.503553141144716 0.16121736844496148 0.19552247183689594 -0.0180257362833603 -0.08988910063887333 0.9764046217755052
0.21839999999999996 0.503553141144716 0.16121736844496148 0.19552247183689594 -0.0180257362833603 -0.08988910063887333 0.9764046217755052
0.1932 0.5035531411447159 0.16121736844496148 0.19389631380470365 -0.009998064723655888 -0.09701924580580494 0.9761616280811299
0.1932 0.5035531411447159 0.16121736844496148 0.19389631380470365 -0.009998064723655888 -0.09701924580580494 0.9761616280811299
0.1932 0.5035531411447159 0.16121736844496148 0.19389631380470365 -0.009998064723655888 -0.09701924580580494 0.9761616280811299
0.16799999999999995 0.503553141144716 0.16121736844496148 0.19227485595430213 -0.0021025818778758728 -0.10401979643300943 0.9758103508711282
0.16799999999999995 0.503553141144716 0.16121736844496148 0.19227485595430213 -0.0021025818778758728 -0.10401979643300943 0.9758103508711282
0.16799999999999995 0.503553141144716 0.16121736844496148 0.19227485595430213 -0.0021025818778758728 -0.10401979643300943 0.9758103508711282
0.1428 0.5035531411447162 0.16121736844496154 0.19065907751223388 0.005661314217112516 -0.11089189494872158 0.9753563724701863
0.1428 0.5035531411447162 0.16121736844496154 0.19065907751223388 0.005661314217112516 -0.11089189494872158 0.9753563724701863
0.1428 0.5035531411447162 0.16121736844496154 0.19065907751223388 0.005661314217112516 -0.11089189494872158 0.9753563724701863
0.11759999999999998 0.503553141144716 0.16121736844496148 0.18904989259568616 0.01329438008455374 -0.11763680240544147 0.9748050986158977
0.11759999999999998 0.503553141144716 0.16121736844496148 0.18904989259568616 0.01329438008455374 -0.11763680240544147 0.9748050986158977
0.11759999999999998 0.503553141144716 0.16121736844496148 0.18904989259568616 0.01329438008455374 -0.11763680240544147 0.9748050986158977
0.09239999999999998 0.503553141144716 0.16121736844496146 0.1874481524165759 0.02079751382581221 -0.124255886714445 0.9741617566867857
0.09239999999999998 0.503553141144716 0.16121736844496146 0.1874481524165759 0.02079751382581221 -0.124255886714445 0.9741617566867857
0.09239999999999998 0.503553141144716 0.16121736844496146 0.1874481524165759 0.02079751382581221 -0.124255886714445 0.9741617566867857
0.0672 0.503553141144716 0.16121736844496146 0.18585464756010336 0.02817174268696292 -0.1307506114699783 0.9734313948576531
0.0672 0.503553141144716 0.16121736844496146 0.18585464756010336 0.02817174268696292 -0.1307506114699783 0.9734313948576531
0.0672 0.503553141144716 0.16121736844496146 0.18585464756010336 0.02817174268696292 -0.1307506114699783 0.9734313948576531
0.042 0.5035531411447162 0.16121736844496148 0.18427011031615953 0.03541821119098877 -0.13712252536822947 0.9726188820893517
0.042 0.5035531411447162 0.16121736844496148 0.18427011031615953 0.03541821119098877 -0.13712252536822947 0.9726188820893517
0.042 0.5035531411447162 0.16121736844496148 0.18427011031615953 0.03541821119098877 -0.13712252536822947 0.9726188820893517
